94002
74010
06004
92002
95018
92004
93001
93005
84007
92007
93006
34022
06012
95063
93008
94004
93010
94011
92012
92014
94015
91103
77058
94016
14118
06029
33096
84031
94017
92022
94021
91161
94022
06038
92019
92020
92023
92024
83042
92025
92026
94028
76212
21231
93030
59183
33167
92032
78242
94033
95250
92036
94037
33192
92040
13047
94041
91326
94038
78126
92035
37195
83126
77243
93007
93013
76351
78481
94058
92060
93061
62826
92044
77258
91345
69123
94046
78358
78361
13055
91377
77288
57463
92048
77294
14437
78418
95424
91425
95428
92049
77307
68224
33281
92050
44109
93049
93050
92051
06088
93051
30189
94054
94055
91471
91477
75056
78490
78498
77372
95500
92062
91514
69286
77390
92063
94065
92064
78545
93066
78551
34255
06123
94067
94068
94069
44184
93070
78586
92071
60612
93071
67482
94071
92073
95607
94073
31555
37261
01033
92075
93074
34327
78646
92077
91661
94076
91667
94078
92078
78672
54578
94079
94080
94081
93031
91223
